% Functions to set font sizes and colors for the visualization
TextSizes.DefaultAxesFontSize = 8;
TextSizes.DefaultTextFontSize = 8;
set(0,TextSizes);
fs = TextSizes.DefaultTextFontSize;

bigfs = 8;

%%
color.data = [0.8,0.8,0.8];
color.outlier = [124,57,130]./255;

color.true = [0,0,0];

color.norm = [23,114,170]./255;
color.skew_norm = [240,172,65]./255;
color.laplace = [240,172,65]./255;
color.students_t = [0,129,26]./255;
color.cauchy = [0.6350    0.0780    0.1840];
color.students_t_outlier=[0.4660 0.6740 0.1880]

color.skew_norm_2 = [247,225,170]./255;
color.laplace_2 = color.skew_norm_2;
color.students_t_2 = [198,228,159]./255;
color.cauchy_2 = ([201 61 38 ] + 54)./255;

color.neg_binomial = [171,37,52]./255;
color.huber = [179, 106, 226]./255;

linestyles.norm = '-';
linestyles.skew_norm = '-.';
linestyles.students_t = '--';
linestyles.neg_binomial = ':';

linewidths.norm = 1.9;
linewidths.skew_norm = 1.5;
linewidths.students_t = 1;
linewidths.neg_binomial = 2;


%%
color.greenwhite = [0.000 0.000 0.000 0.000;
0.010 0.000 0.019 0.000;
0.020 0.000 0.038 0.001;
0.030 0.000 0.057 0.001;
0.040 0.000 0.076 0.002;
0.050 0.000 0.094 0.003;
0.060 0.000 0.113 0.004;
0.070 0.000 0.131 0.006;
0.080 0.000 0.149 0.007;
0.090 0.000 0.166 0.009;
0.100 0.000 0.184 0.011;
0.110 0.000 0.201 0.013;
0.120 0.000 0.218 0.016;
0.130 0.000 0.235 0.018;
0.140 0.000 0.252 0.021;
0.150 0.000 0.269 0.024;
0.160 0.000 0.285 0.027;
0.170 0.000 0.301 0.031;
0.180 0.000 0.317 0.034;
0.190 0.000 0.333 0.038;
0.200 0.000 0.349 0.042;
0.210 0.000 0.364 0.046;
0.220 0.000 0.380 0.051;
0.230 0.000 0.395 0.055;
0.240 0.000 0.410 0.060;
0.250 0.000 0.425 0.065;
0.260 0.000 0.439 0.070;
0.270 0.000 0.454 0.076;
0.280 0.000 0.468 0.081;
0.290 0.000 0.482 0.087;
0.300 0.000 0.496 0.093;
0.310 0.000 0.509 0.099;
0.320 0.000 0.523 0.105;
0.330 0.005 0.536 0.112;
0.340 0.010 0.549 0.119;
0.350 0.016 0.562 0.126;
0.360 0.021 0.575 0.133;
0.370 0.027 0.587 0.140;
0.380 0.034 0.599 0.148;
0.390 0.040 0.612 0.155;
0.400 0.047 0.623 0.163;
0.410 0.054 0.635 0.171;
0.420 0.062 0.647 0.180;
0.430 0.070 0.658 0.188;
0.440 0.078 0.669 0.197;
0.450 0.086 0.680 0.206;
0.460 0.095 0.691 0.215;
0.470 0.104 0.702 0.224;
0.480 0.113 0.712 0.234;
0.490 0.123 0.723 0.243;
0.500 0.133 0.733 0.253;
0.510 0.143 0.743 0.263;
0.520 0.153 0.752 0.274;
0.530 0.164 0.762 0.284;
0.540 0.175 0.771 0.295;
0.550 0.186 0.780 0.306;
0.560 0.198 0.789 0.317;
0.570 0.210 0.798 0.328;
0.580 0.222 0.807 0.340;
0.590 0.234 0.815 0.351;
0.600 0.247 0.823 0.363;
0.610 0.260 0.832 0.375;
0.620 0.274 0.839 0.388;
0.630 0.287 0.847 0.400;
0.640 0.301 0.855 0.413;
0.650 0.316 0.862 0.426;
0.660 0.330 0.869 0.439;
0.670 0.345 0.876 0.452;
0.680 0.360 0.883 0.465;
0.690 0.376 0.889 0.479;
0.700 0.391 0.896 0.493;
0.710 0.407 0.902 0.507;
0.720 0.424 0.908 0.521;
0.730 0.440 0.914 0.536;
0.740 0.457 0.919 0.550;
0.750 0.474 0.925 0.565;
0.760 0.492 0.930 0.580;
0.770 0.510 0.935 0.595;
0.780 0.528 0.940 0.611;
0.790 0.546 0.944 0.626;
0.800 0.565 0.949 0.642;
0.810 0.584 0.953 0.658;
0.820 0.603 0.957 0.674;
0.830 0.623 0.961 0.691;
0.840 0.642 0.965 0.707;
0.850 0.663 0.969 0.724;
0.860 0.683 0.972 0.741;
0.870 0.704 0.975 0.758;
0.880 0.725 0.978 0.776;
0.890 0.746 0.981 0.793;
0.900 0.768 0.984 0.811;
0.910 0.790 0.986 0.829;
0.920 0.812 0.989 0.847;
0.930 0.834 0.991 0.866;
0.940 0.857 0.993 0.884;
0.950 0.880 0.994 0.903;
0.960 0.904 0.996 0.922;
0.970 0.927 0.997 0.941;
0.980 0.951 0.998 0.961;
0.990 0.975 0.999 0.980;
1.000 1.000 1.000 1.000];